Stage1 baseline (k-mer + LogisticRegression)
ngram=1..3, C=2.0
best_thr_from_valid=0.452, best_valid_MCC=0.7323

    split   setting    n  pos  best_thr_from_valid  best_valid_MCC    AUROC    AUPRC       F1       MCC  Precision   Recall  Specificity  TN  FP  FN  TP
    valid   thr=0.5  216  108                0.452        0.732267 0.908008 0.895603 0.851675  0.714465   0.881188 0.824074     0.888889  96  12  19  89
    valid thr=0.452  216  108                0.452        0.732267 0.908008 0.895603 0.862559  0.732267   0.883495 0.842593     0.888889  96  12  17  91
test_easy   thr=0.5  324  162                0.452        0.732267 0.967993 0.974326 0.894260  0.784683   0.875740 0.913580     0.870370 141  21  14 148
test_easy thr=0.452  324  162                0.452        0.732267 0.967993 0.974326 0.887574  0.768306   0.852273 0.925926     0.839506 136  26  12 150
test_hard   thr=0.5 1315   19                0.452        0.732267 0.279077 0.010576 0.013216 -0.093209   0.006749 0.315789     0.318673 413 883  13   6
test_hard thr=0.452 1315   19                0.452        0.732267 0.279077 0.010576 0.012848 -0.100017   0.006557 0.315789     0.298611 387 909  13   6
